1 0.110619 0.113951 0.061947 0.100106
1 0.190634 0.116081 0.080383 0.108626
1 0.279867 0.104899 0.077434 0.111821
1 0.363938 0.126731 0.073009 0.106496
1 0.445059 0.144835 0.070059 0.095847
1 0.524705 0.127263 0.078909 0.111821
1 0.617257 0.134718 0.066372 0.096912
1 0.713496 0.126198 0.095133 0.130990
1 0.801991 0.135250 0.077434 0.121406
1 0.883850 0.137913 0.077434 0.109691
1 0.076696 0.289137 0.082596 0.105431
1 0.115413 0.569755 0.074484 0.089457
1 0.119100 0.697551 0.086283 0.102236
1 0.114676 0.820554 0.073009 0.092652
3 0.595501 0.531416 0.040560 0.061768
3 0.621313 0.580405 0.040560 0.053248
3 0.560472 0.563365 0.044248 0.061768
3 0.580752 0.614483 0.040560 0.057508
3 0.503687 0.604366 0.033923 0.047923
3 0.525811 0.654952 0.033923 0.048988
3 0.472714 0.632055 0.033923 0.045793
3 0.494838 0.684239 0.030973 0.047923
3 0.441740 0.660809 0.030973 0.043663
3 0.463127 0.711395 0.032448 0.046858
3 0.374631 0.535144 0.029499 0.037274
3 0.357670 0.497870 0.022124 0.037274
