1 0.050595 0.341176 0.048469 0.145098
1 0.165816 0.336275 0.045918 0.127451
1 0.228316 0.336275 0.068878 0.158824
1 0.301871 0.334314 0.051020 0.119608
1 0.468537 0.296078 0.057823 0.137255
1 0.676020 0.291176 0.059524 0.135294
1 0.893707 0.253922 0.047619 0.123529
1 0.890306 0.074510 0.066327 0.101961
1 0.057398 0.666667 0.053571 0.149020
1 0.245323 0.633333 0.058673 0.145098
1 0.317177 0.626471 0.047619 0.139216
1 0.489796 0.600000 0.057823 0.149020
1 0.567602 0.587255 0.058673 0.147059
1 0.650085 0.719608 0.055272 0.129412
1 0.783588 0.779412 0.067177 0.111765
1 0.868622 0.562745 0.056973 0.145098
1 0.937925 0.551961 0.057823 0.158824
