1 0.085076 0.160407 0.075095 0.104851
1 0.106464 0.461659 0.089354 0.143975
1 0.197243 0.479656 0.046578 0.089202
1 0.289924 0.478873 0.085551 0.150235
1 0.378327 0.432707 0.062738 0.079812
1 0.428707 0.294992 0.083650 0.123631
1 0.538973 0.190923 0.083650 0.162754
1 0.628327 0.203443 0.051331 0.112676
1 0.698194 0.211268 0.050380 0.093897
1 0.788498 0.223005 0.069392 0.154930
1 0.866920 0.214397 0.049430 0.106416
1 0.937738 0.225352 0.050380 0.118936
1 0.095057 0.845853 0.076046 0.139280
1 0.180608 0.823161 0.076046 0.147105
1 0.278517 0.832551 0.074144 0.134585
1 0.370247 0.912363 0.052281 0.062598
1 0.686312 0.543818 0.051331 0.092332
1 0.747624 0.550861 0.046578 0.093897
1 0.809886 0.553208 0.041825 0.092332
1 0.868821 0.556338 0.045627 0.082942
1 0.679658 0.859155 0.043726 0.071987
1 0.800380 0.867762 0.049430 0.067293
