3 0.072338 0.580739 0.039352 0.058366
3 0.073495 0.655642 0.048611 0.073930
3 0.074942 0.766537 0.045718 0.071984
3 0.074942 0.850681 0.048032 0.072957
3 0.137442 0.709630 0.045718 0.071012
3 0.135995 0.783560 0.045139 0.072957
3 0.137442 0.860895 0.049190 0.070039
3 0.194734 0.703794 0.045718 0.074903
3 0.194734 0.781615 0.048032 0.072957
3 0.260417 0.704767 0.048611 0.078794
3 0.262153 0.783074 0.048611 0.081712
3 0.261863 0.881809 0.050347 0.076848
3 0.313368 0.700389 0.046875 0.075875
3 0.312789 0.781128 0.048032 0.077821
3 0.374421 0.691148 0.042824 0.061284
3 0.376157 0.756323 0.040509 0.063230
3 0.377025 0.834630 0.041088 0.064202
3 0.377025 0.900778 0.041088 0.062257
3 0.417535 0.688716 0.039931 0.064202
3 0.416088 0.756323 0.040509 0.059339
3 0.419560 0.829280 0.039352 0.057393
3 0.418692 0.899805 0.041088 0.064202
3 0.480324 0.701848 0.039352 0.061284
3 0.520255 0.704280 0.037037 0.064202
3 0.482060 0.801070 0.043981 0.078794
3 0.471933 0.892510 0.043403 0.067121
3 0.519676 0.892510 0.045139 0.072957
3 0.499421 0.450389 0.043981 0.070039
3 0.544560 0.475681 0.043981 0.070039
3 0.600984 0.468872 0.045718 0.077821
3 0.646701 0.469844 0.046875 0.075875
3 0.573785 0.320039 0.043403 0.062257
3 0.644387 0.353599 0.041088 0.059339
3 0.702257 0.288424 0.043403 0.067121
3 0.744213 0.314202 0.032407 0.060311
3 0.731771 0.360409 0.036458 0.055447
3 0.776331 0.356031 0.041088 0.064202
3 0.606192 0.680934 0.044560 0.075875
3 0.575810 0.789883 0.039352 0.056420
3 0.573495 0.840953 0.034722 0.057393
3 0.575810 0.892510 0.039352 0.061284
3 0.620949 0.785019 0.035880 0.058366
3 0.620081 0.843385 0.037616 0.052529
3 0.620081 0.890078 0.037616 0.052529
3 0.674190 0.790856 0.045139 0.070039
3 0.673900 0.860895 0.044560 0.064202
3 0.727431 0.790856 0.038194 0.058366
3 0.725116 0.857977 0.039352 0.058366
3 0.783275 0.827821 0.045718 0.073930
3 0.842593 0.782101 0.038194 0.052529
3 0.840856 0.837549 0.034722 0.058366
3 0.884838 0.775778 0.042824 0.055447
3 0.883681 0.826362 0.041667 0.063230
3 0.931134 0.808852 0.038194 0.059339
3 0.966435 0.775778 0.039352 0.061284
2 0.289352 0.345817 0.056713 0.107977
2 0.455150 0.118677 0.065394 0.124514
3 0.615741 0.260214 0.039352 0.063230
