3 0.185862 0.120122 0.052423 0.076829
3 0.185862 0.205488 0.052423 0.081707
3 0.185862 0.331707 0.052423 0.075610
3 0.185862 0.418902 0.052423 0.084146
3 0.233519 0.115854 0.050834 0.080488
3 0.233519 0.205488 0.050834 0.079268
3 0.233519 0.331707 0.050834 0.075610
3 0.233519 0.418902 0.050834 0.084146
3 0.187053 0.591463 0.046863 0.082927
3 0.187053 0.697561 0.046863 0.085366
3 0.187053 0.826829 0.046863 0.080488
3 0.187053 0.917073 0.046863 0.070732
3 0.237490 0.591463 0.050834 0.082927
3 0.237490 0.697561 0.050834 0.085366
3 0.237490 0.826829 0.050834 0.080488
3 0.237490 0.917073 0.050834 0.070732
3 0.288721 0.591463 0.051628 0.082927
3 0.288721 0.697561 0.051628 0.085366
3 0.288721 0.826829 0.051628 0.080488
3 0.288721 0.917073 0.051628 0.070732
3 0.339952 0.591463 0.050834 0.082927
3 0.339952 0.697561 0.050834 0.085366
3 0.339952 0.826829 0.050834 0.080488
3 0.339952 0.917073 0.050834 0.070732
3 0.449563 0.200000 0.054011 0.075610
3 0.449563 0.287805 0.054011 0.075610
3 0.555997 0.116463 0.050834 0.076829
3 0.555997 0.204878 0.050834 0.073171
3 0.555997 0.271951 0.050834 0.075610
3 0.555997 0.344512 0.050834 0.079268
3 0.555997 0.414024 0.050834 0.071951
3 0.607228 0.116463 0.056394 0.076829
3 0.607228 0.204878 0.056394 0.073171
3 0.607228 0.271951 0.056394 0.075610
3 0.607228 0.344512 0.056394 0.079268
3 0.607228 0.414024 0.056394 0.071951
3 0.449563 0.589634 0.050834 0.074390
3 0.449563 0.695732 0.050834 0.079268
3 0.449563 0.827439 0.050834 0.081707
3 0.500794 0.589634 0.048451 0.074390
3 0.500794 0.695732 0.048451 0.079268
3 0.500794 0.827439 0.048451 0.081707
3 0.552820 0.589634 0.050834 0.074390
3 0.552820 0.695732 0.050834 0.079268
3 0.552820 0.827439 0.050834 0.081707
3 0.605242 0.589634 0.050834 0.074390
3 0.605242 0.695732 0.050834 0.079268
3 0.605242 0.827439 0.050834 0.081707
3 0.884829 0.270122 0.047657 0.079268
3 0.934869 0.270122 0.049245 0.079268
3 0.866561 0.592683 0.049245 0.078049
3 0.921366 0.592683 0.049245 0.078049
3 0.864178 0.690854 0.047657 0.074390
3 0.921366 0.690854 0.049245 0.074390
3 0.859412 0.818293 0.050834 0.078049
3 0.922955 0.818293 0.054011 0.078049
