3 0.320747 0.088000 0.033854 0.054400
3 0.367622 0.091200 0.037326 0.060800
3 0.448351 0.093600 0.025174 0.046400
3 0.535156 0.100000 0.028646 0.049600
3 0.587240 0.105600 0.030382 0.054400
3 0.639757 0.133600 0.031250 0.052800
3 0.470920 0.144000 0.021701 0.038400
3 0.330295 0.178400 0.033854 0.062400
3 0.368490 0.196800 0.035590 0.048000
3 0.447917 0.196000 0.026042 0.046400
3 0.535590 0.185600 0.026042 0.044800
3 0.587240 0.189600 0.030382 0.052800
3 0.218750 0.388000 0.031250 0.059200
3 0.266927 0.351200 0.028646 0.052800
3 0.306424 0.390400 0.031250 0.054400
3 0.380208 0.388000 0.031250 0.052800
3 0.426215 0.385600 0.029514 0.051200
3 0.476128 0.385600 0.028646 0.051200
3 0.521701 0.386400 0.029514 0.049600
3 0.575087 0.390400 0.028646 0.051200
3 0.207465 0.482400 0.027778 0.049600
3 0.254774 0.474400 0.025174 0.040000
3 0.179688 0.524000 0.029514 0.046400
3 0.254774 0.526400 0.023438 0.041600
3 0.301649 0.506400 0.040799 0.068800
3 0.381510 0.456800 0.030382 0.052800
3 0.423611 0.460000 0.029514 0.056000
3 0.499566 0.459200 0.026910 0.051200
3 0.543837 0.463200 0.026910 0.049600
3 0.621962 0.421600 0.028646 0.059200
3 0.653212 0.470400 0.030382 0.054400
3 0.588542 0.500000 0.029514 0.052800
3 0.381944 0.539200 0.027778 0.051200
3 0.424479 0.538400 0.029514 0.052800
3 0.480469 0.532800 0.028646 0.041600
3 0.530382 0.537600 0.036458 0.051200
3 0.137587 0.640000 0.023438 0.041600
3 0.171441 0.638400 0.021701 0.041600
3 0.212240 0.612800 0.021701 0.041600
3 0.254340 0.604800 0.024306 0.041600
3 0.290365 0.604800 0.021701 0.035200
3 0.315538 0.605600 0.019965 0.036800
3 0.253906 0.656800 0.023438 0.043200
3 0.291233 0.653600 0.021701 0.036800
3 0.315972 0.654400 0.020833 0.038400
3 0.132378 0.752800 0.021701 0.040000
3 0.162326 0.755200 0.022569 0.044800
3 0.193576 0.753600 0.022569 0.041600
3 0.243924 0.760000 0.032986 0.057600
3 0.285156 0.756800 0.032118 0.060800
2 0.456163 0.804800 0.077257 0.028800
