3 0.420415 0.162182 0.032872 0.055306
3 0.470588 0.162182 0.032872 0.055306
3 0.508218 0.162182 0.033737 0.055306
3 0.557958 0.162182 0.032872 0.055306
3 0.607266 0.162930 0.032872 0.053812
3 0.646194 0.161435 0.034602 0.056801
3 0.348616 0.219731 0.034602 0.056801
3 0.400519 0.219731 0.034602 0.056801
3 0.439879 0.219731 0.032007 0.056801
3 0.489187 0.219731 0.032007 0.056801
3 0.539360 0.221226 0.032007 0.053812
3 0.576125 0.219731 0.032872 0.053812
3 0.627163 0.220478 0.032872 0.052317
3 0.319637 0.263827 0.035467 0.058296
3 0.319637 0.333333 0.035467 0.059791
2 0.491349 0.693572 0.098616 0.029895
2 0.813149 0.764574 0.060554 0.100149
