10 0.335222 0.356938 0.033994 0.064378
10 0.383381 0.223176 0.033994 0.071531
10 0.268650 0.829757 0.044381 0.054363
10 0.750708 0.865522 0.047214 0.057225
10 0.803588 0.896996 0.049103 0.045780
10 0.593957 0.113019 0.045326 0.040057
10 0.580264 0.186695 0.036827 0.038627
10 0.551464 0.210300 0.041549 0.042918
10 0.538716 0.239628 0.036827 0.038627
10 0.530217 0.273247 0.040604 0.045780
10 0.513220 0.306152 0.046270 0.051502
10 0.501889 0.341202 0.038716 0.047210
10 0.490085 0.378398 0.039660 0.047210
10 0.480642 0.409871 0.037771 0.047210
10 0.524551 0.431330 0.046270 0.052933
10 0.516525 0.467811 0.039660 0.045780
10 0.460812 0.473534 0.041549 0.051502
10 0.502361 0.502861 0.043437 0.052933
10 0.291785 0.471388 0.037771 0.067239
10 0.175637 0.774678 0.030217 0.061516
10 0.838527 0.762518 0.050992 0.048641
