1 0.100000 0.880159 0.098039 0.125397
1 0.267157 0.670635 0.077451 0.093651
1 0.289706 0.794444 0.073529 0.090476
1 0.313725 0.926984 0.094118 0.120635
1 0.212255 0.234921 0.081373 0.123810
1 0.493137 0.080952 0.078431 0.133333
1 0.558333 0.254762 0.095098 0.115873
1 0.483333 0.428571 0.082353 0.130159
1 0.798529 0.616667 0.081373 0.115873
1 0.913725 0.517460 0.080392 0.139683
3 0.406863 0.643651 0.054902 0.074603
3 0.422549 0.726190 0.054902 0.065079
3 0.440196 0.806349 0.050980 0.060317
3 0.488235 0.601587 0.062745 0.076190
3 0.512255 0.701587 0.063725 0.079365
3 0.544608 0.553968 0.063725 0.079365
3 0.569608 0.651587 0.064706 0.084127
3 0.631373 0.494444 0.056863 0.065079
3 0.650490 0.576190 0.057843 0.063492
3 0.669118 0.653968 0.055882 0.073016
