1 0.119092 0.130603 0.089898 0.131376
1 0.104263 0.409583 0.086191 0.126739
1 0.101019 0.545595 0.087118 0.126739
1 0.259036 0.108964 0.063948 0.128284
1 0.265060 0.254250 0.077850 0.134467
1 0.267377 0.400309 0.089898 0.129830
1 0.256256 0.547141 0.063948 0.129830
1 0.270621 0.697063 0.087118 0.126739
1 0.267377 0.843895 0.088044 0.126739
1 0.483781 0.693972 0.077850 0.132921
1 0.481928 0.850850 0.077850 0.122102
1 0.692308 0.085781 0.061168 0.131376
1 0.697868 0.233385 0.074143 0.129830
1 0.696015 0.531685 0.075996 0.129830
1 0.696942 0.702473 0.075996 0.131376
1 0.909175 0.236476 0.077850 0.126739
1 0.909639 0.381762 0.080630 0.126739
1 0.906858 0.529366 0.082484 0.131376
1 0.903614 0.844668 0.079703 0.140649
