2 0.495482 0.376801 0.071285 0.096542
2 0.803715 0.275937 0.069277 0.047550
2 0.164659 0.425793 0.076305 0.070605
2 0.057731 0.778818 0.067269 0.033141
3 0.256024 0.134726 0.056225 0.082133
3 0.302209 0.165706 0.056225 0.080692
3 0.137048 0.724063 0.035141 0.050432
3 0.173193 0.724784 0.037149 0.054755
3 0.208835 0.723343 0.036145 0.051873
3 0.243976 0.724784 0.036145 0.054755
3 0.150602 0.786023 0.040161 0.050432
3 0.186747 0.783862 0.038153 0.054755
3 0.223394 0.786744 0.037149 0.054755
3 0.259036 0.786744 0.038153 0.051873
3 0.208835 0.844380 0.038153 0.048991
3 0.252510 0.849424 0.041165 0.059078
3 0.208333 0.896254 0.037149 0.057637
3 0.252510 0.904179 0.037149 0.050432
3 0.071787 0.954611 0.037149 0.056196
