3 0.395594 0.396837 0.057471 0.100904
3 0.446839 0.434488 0.046935 0.079819
3 0.499521 0.468373 0.046935 0.078313
3 0.569923 0.504518 0.047893 0.081325
3 0.594828 0.394578 0.049808 0.084337
3 0.676245 0.445030 0.047893 0.076807
3 0.684387 0.508283 0.035441 0.058735
3 0.650862 0.552711 0.048851 0.075301
3 0.664272 0.714608 0.043103 0.067771
3 0.585249 0.792922 0.030651 0.052711
3 0.545019 0.617470 0.051724 0.078313
3 0.518678 0.730422 0.046935 0.078313
3 0.472701 0.579066 0.046935 0.076807
3 0.446360 0.687500 0.047893 0.079819
3 0.404215 0.519578 0.061303 0.099398
3 0.385057 0.611446 0.049808 0.084337
3 0.368295 0.692771 0.048851 0.081325
3 0.348659 0.493976 0.047893 0.081325
3 0.331897 0.567018 0.046935 0.073795
