2 0.347293 0.183871 0.044944 0.065806
3 0.758938 0.536129 0.042901 0.052903
3 0.704801 0.548387 0.053115 0.061935
3 0.655260 0.567097 0.054137 0.065806
3 0.606231 0.587742 0.050051 0.060645
3 0.557201 0.607742 0.048008 0.061935
3 0.511236 0.626452 0.050051 0.060645
3 0.463739 0.633548 0.028601 0.033548
3 0.439224 0.642581 0.028601 0.033548
3 0.413687 0.653548 0.026558 0.032258
3 0.469356 0.667742 0.031665 0.034839
3 0.440756 0.677419 0.031665 0.038710
3 0.412666 0.690323 0.026558 0.036129
3 0.782942 0.604516 0.052094 0.063226
3 0.731869 0.622581 0.052094 0.060645
3 0.682329 0.646452 0.053115 0.056774
3 0.630746 0.665161 0.050051 0.058065
3 0.556691 0.680000 0.032686 0.036129
3 0.528601 0.691613 0.029622 0.036129
3 0.498979 0.702581 0.031665 0.037419
3 0.470378 0.716129 0.029622 0.033548
3 0.568437 0.717419 0.029622 0.038710
3 0.535240 0.729032 0.030644 0.038710
3 0.507150 0.740000 0.029622 0.037419
3 0.478039 0.752903 0.030644 0.037419
3 0.832993 0.652903 0.029622 0.041290
3 0.845761 0.687742 0.030644 0.041290
3 0.805414 0.661935 0.031665 0.038710
3 0.818182 0.698710 0.032686 0.040000
3 0.776813 0.674839 0.029622 0.038710
3 0.790092 0.709677 0.029622 0.038710
3 0.750766 0.686452 0.030644 0.038710
3 0.763023 0.722581 0.028601 0.038710
3 0.710419 0.703226 0.031665 0.041290
3 0.683350 0.718065 0.028601 0.042581
3 0.654750 0.729677 0.030644 0.037419
3 0.665475 0.766452 0.029622 0.041290
3 0.626149 0.737419 0.032686 0.040000
3 0.636874 0.778065 0.031665 0.038710
3 0.597038 0.751613 0.031665 0.037419
3 0.608274 0.789032 0.029622 0.040000
3 0.557712 0.771613 0.030644 0.036129
3 0.567416 0.808387 0.029622 0.040000
3 0.529622 0.783871 0.031665 0.034839
3 0.538815 0.821290 0.031665 0.042581
3 0.499489 0.798065 0.030644 0.037419
3 0.508682 0.836774 0.028601 0.037419
3 0.468335 0.809677 0.029622 0.040000
3 0.479060 0.849677 0.028601 0.042581
