3 0.255642 0.107623 0.049479 0.074738
3 0.318142 0.107623 0.042535 0.074738
3 0.372396 0.106129 0.045139 0.077728
3 0.411892 0.104634 0.046007 0.074738
3 0.452257 0.101644 0.039931 0.068759
3 0.381944 0.242900 0.045139 0.073244
3 0.443142 0.244395 0.049479 0.070254
3 0.319010 0.339312 0.047743 0.071749
3 0.445312 0.335575 0.046875 0.070254
3 0.382378 0.336323 0.047743 0.080717
3 0.259549 0.432735 0.041667 0.076233
3 0.297309 0.431988 0.042535 0.071749
3 0.333767 0.434230 0.042535 0.070254
3 0.401042 0.428999 0.050347 0.077728
3 0.454861 0.428999 0.048611 0.074738
3 0.278646 0.514200 0.031250 0.050822
3 0.277778 0.557549 0.031250 0.053812
3 0.312500 0.514948 0.032986 0.049327
3 0.312500 0.556054 0.031250 0.050822
3 0.348090 0.514200 0.032986 0.050822
3 0.346354 0.556054 0.034722 0.056801
3 0.395833 0.532138 0.048611 0.080717
3 0.451389 0.537369 0.050347 0.082212
3 0.337674 0.644993 0.053819 0.085202
3 0.340712 0.743647 0.051215 0.082212
3 0.399740 0.644245 0.049479 0.083707
3 0.400608 0.745142 0.049479 0.085202
3 0.450521 0.641256 0.050347 0.077728
3 0.454861 0.742900 0.050347 0.080717
2 0.253472 0.719731 0.046875 0.159940
2 0.399740 0.907324 0.085938 0.041854
