10 0.753968 0.124103 0.025794 0.064562
10 0.896329 0.381636 0.026786 0.074605
10 0.932044 0.405308 0.026786 0.070301
10 0.703869 0.593257 0.024802 0.067432
10 0.696429 0.365136 0.025794 0.064562
10 0.635417 0.657819 0.022817 0.067432
10 0.435516 0.354376 0.051587 0.043042
10 0.352679 0.191535 0.022817 0.070301
10 0.298115 0.626255 0.022817 0.078910
10 0.284722 0.727403 0.023810 0.068867
10 0.273313 0.820660 0.020833 0.065997
10 0.662202 0.401004 0.022817 0.067432
10 0.374504 0.035868 0.028770 0.063128
10 0.362599 0.111908 0.030754 0.065997
10 0.344742 0.267575 0.030754 0.064562
10 0.316468 0.459828 0.027778 0.064562
10 0.695933 0.073171 0.024802 0.071736
10 0.744544 0.200143 0.024802 0.070301
10 0.669643 0.311334 0.025794 0.071736
10 0.259921 0.923960 0.021825 0.080344
