10 0.881244 0.693182 0.050895 0.053977
10 0.392554 0.875000 0.031103 0.068182
10 0.438737 0.747159 0.029218 0.068182
10 0.553723 0.455256 0.053723 0.055398
10 0.634307 0.424716 0.028275 0.079545
10 0.428841 0.274148 0.033930 0.073864
10 0.285580 0.216619 0.043355 0.055398
10 0.673893 0.067472 0.032045 0.055398
10 0.695570 0.078125 0.032045 0.053977
10 0.732799 0.102983 0.031103 0.066761
10 0.781338 0.142756 0.033930 0.080966
10 0.882187 0.220170 0.030160 0.071023
10 0.908106 0.231534 0.032988 0.079545
10 0.932139 0.257102 0.028275 0.073864
10 0.955702 0.278409 0.030160 0.065341
10 0.123940 0.046165 0.044298 0.069602
10 0.151272 0.330966 0.040528 0.065341
10 0.498586 0.411932 0.037700 0.051136
10 0.685203 0.754261 0.033930 0.073864
10 0.709708 0.780540 0.037700 0.080966
10 0.824222 0.642756 0.042413 0.049716
10 0.757776 0.112926 0.039585 0.083807
10 0.468426 0.674006 0.041470 0.080966
