1 0.127404 0.687817 0.058654 0.089679
1 0.118269 0.924704 0.069231 0.093063
1 0.211538 0.699662 0.061538 0.103215
1 0.300000 0.679357 0.053846 0.099831
1 0.218269 0.420474 0.048077 0.086294
1 0.296154 0.339255 0.055769 0.093063
1 0.402885 0.179357 0.048077 0.074450
1 0.606250 0.076988 0.062500 0.079526
1 0.595673 0.281726 0.066346 0.093063
1 0.693269 0.343486 0.046154 0.087986
1 0.793269 0.318105 0.055769 0.094755
1 0.731250 0.646362 0.064423 0.111675
1 0.932212 0.439932 0.058654 0.091371
1 0.912019 0.559222 0.066346 0.089679
