1 0.053750 0.363529 0.050833 0.162353
1 0.111250 0.356471 0.049167 0.152941
1 0.167500 0.336471 0.048333 0.150588
1 0.226250 0.338824 0.047500 0.145882
1 0.281667 0.327059 0.051667 0.145882
1 0.340000 0.309412 0.051667 0.143529
1 0.397083 0.294118 0.044167 0.145882
1 0.445833 0.271765 0.045000 0.129412
1 0.557917 0.282353 0.042500 0.150588
1 0.606667 0.262353 0.043333 0.148235
1 0.657500 0.254118 0.043333 0.145882
1 0.711667 0.262353 0.046667 0.148235
1 0.760000 0.248235 0.045000 0.148235
1 0.808333 0.235294 0.046667 0.145882
1 0.860000 0.225882 0.045000 0.145882
1 0.915000 0.225882 0.041667 0.141176
1 0.093333 0.725882 0.046667 0.162353
1 0.267917 0.705882 0.057500 0.169412
1 0.329583 0.705882 0.039167 0.150588
1 0.531250 0.656471 0.050833 0.127059
1 0.650000 0.608235 0.056667 0.167059
1 0.770833 0.624706 0.043333 0.143529
1 0.827083 0.600000 0.055833 0.164706
1 0.885417 0.603529 0.047500 0.148235
1 0.942917 0.574118 0.042500 0.155294
1 0.697083 0.852941 0.069167 0.134118
