1 0.067742 0.271404 0.063594 0.131849
1 0.157604 0.259418 0.066359 0.128425
1 0.232258 0.249144 0.062673 0.111301
1 0.305991 0.255137 0.062673 0.133562
1 0.382949 0.256849 0.061751 0.126712
1 0.583410 0.236301 0.066359 0.126712
1 0.745622 0.225171 0.064516 0.118151
1 0.894009 0.205479 0.058986 0.126712
1 0.927189 0.107021 0.075576 0.107877
1 0.106912 0.883562 0.062673 0.095890
1 0.183871 0.852740 0.063594 0.126712
1 0.262212 0.855308 0.074654 0.169521
1 0.359908 0.861301 0.076498 0.160959
1 0.463134 0.847603 0.074654 0.167808
1 0.588479 0.829623 0.080184 0.155822
1 0.679724 0.834760 0.078341 0.162671
1 0.779724 0.826199 0.075576 0.162671
1 0.882028 0.814212 0.092166 0.193493
1 0.959447 0.786815 0.049770 0.094178
1 0.471889 0.431507 0.062673 0.130137
1 0.469585 0.640411 0.063594 0.082192
