1 0.087805 0.165225 0.070244 0.112457
1 0.087317 0.450692 0.069268 0.112457
1 0.084390 0.745675 0.069268 0.110727
1 0.090244 0.897924 0.082927 0.114187
1 0.318049 0.310554 0.080000 0.084775
1 0.315122 0.634083 0.062439 0.070934
1 0.311220 0.756920 0.078049 0.084775
1 0.331707 0.910900 0.058537 0.077855
1 0.405366 0.475779 0.055610 0.141869
1 0.492683 0.221453 0.052683 0.134948
1 0.581951 0.549308 0.084878 0.081315
1 0.591220 0.663495 0.064390 0.077855
1 0.604878 0.775087 0.060488 0.076125
1 0.829756 0.357266 0.065366 0.115917
1 0.824390 0.567474 0.054634 0.069204
1 0.817561 0.680796 0.060488 0.067474
1 0.842439 0.912630 0.051707 0.084775
1 0.920976 0.908304 0.046829 0.100346
