7 0.266698 0.487458 0.275635 0.439799
5 0.564911 0.678930 0.046096 0.073579
5 0.591251 0.711538 0.044214 0.081940
5 0.616181 0.742475 0.041392 0.100334
5 0.645814 0.779264 0.046096 0.100334
5 0.674506 0.811873 0.043274 0.098662
5 0.698495 0.840301 0.040452 0.095318
5 0.612418 0.578595 0.039511 0.083612
5 0.636877 0.603679 0.033866 0.086957
5 0.662747 0.635452 0.042333 0.096990
5 0.689087 0.664716 0.044214 0.098662
5 0.718250 0.699833 0.042333 0.091973
5 0.743650 0.729097 0.038570 0.090301
4 0.845249 0.563545 0.168391 0.183946
