3 0.054591 0.145910 0.046999 0.076923
3 0.053507 0.263126 0.049168 0.084249
3 0.053868 0.349206 0.051338 0.083028
3 0.100506 0.144689 0.050615 0.081807
3 0.098337 0.267399 0.052061 0.085470
3 0.101229 0.345543 0.050615 0.085470
3 0.144613 0.147741 0.050615 0.087912
3 0.146782 0.263736 0.047722 0.083028
3 0.146059 0.343101 0.052061 0.085470
3 0.192336 0.149573 0.053507 0.086691
3 0.191974 0.263736 0.051338 0.080586
3 0.192697 0.343101 0.051338 0.080586
3 0.280911 0.144078 0.049892 0.078144
3 0.281634 0.225885 0.049892 0.085470
3 0.279103 0.330281 0.050615 0.079365
3 0.281273 0.409646 0.049168 0.081807
3 0.330080 0.145299 0.051338 0.078144
3 0.329718 0.223443 0.052061 0.075702
3 0.330441 0.332723 0.053507 0.076923
3 0.328272 0.409035 0.049168 0.085470
3 0.406001 0.147741 0.051338 0.075702
3 0.408532 0.221612 0.052061 0.076923
3 0.408171 0.346764 0.051338 0.075702
3 0.408171 0.424908 0.052784 0.083028
3 0.454447 0.144689 0.048445 0.076923
3 0.454447 0.222833 0.048445 0.084249
3 0.454447 0.346764 0.048445 0.083028
3 0.454447 0.422466 0.048445 0.083028
3 0.540130 0.145910 0.052061 0.076923
3 0.540130 0.228938 0.052061 0.091575
3 0.540130 0.377900 0.052061 0.081807
3 0.540130 0.455433 0.052061 0.080586
3 0.586768 0.147131 0.049892 0.079365
3 0.586768 0.226496 0.049892 0.081807
3 0.586768 0.371184 0.049892 0.083028
3 0.586768 0.454823 0.049892 0.094017
3 0.631598 0.145910 0.046999 0.081807
3 0.630152 0.227106 0.045553 0.080586
3 0.673536 0.144689 0.045553 0.079365
3 0.673536 0.221612 0.045553 0.076923
3 0.673536 0.329670 0.045553 0.080586
3 0.673536 0.407204 0.045553 0.081807
3 0.673536 0.488400 0.045553 0.083028
3 0.721620 0.142857 0.052061 0.075702
3 0.721620 0.221612 0.052061 0.076923
3 0.721620 0.329670 0.052061 0.080586
3 0.721620 0.407204 0.052061 0.081807
3 0.721620 0.488400 0.052061 0.083028
3 0.800795 0.142857 0.051338 0.075702
3 0.800795 0.248474 0.051338 0.079365
3 0.800795 0.438339 0.051338 0.080586
3 0.800795 0.507326 0.051338 0.076923
3 0.847795 0.142857 0.049892 0.075702
3 0.847795 0.248474 0.049892 0.079365
3 0.847795 0.438339 0.049892 0.080586
3 0.847795 0.507326 0.049892 0.076923
3 0.894794 0.142857 0.049892 0.075702
3 0.894794 0.248474 0.049892 0.079365
3 0.894794 0.438339 0.049892 0.080586
3 0.894794 0.507326 0.049892 0.076923
3 0.941793 0.140415 0.052784 0.080586
3 0.940709 0.247863 0.050615 0.090354
3 0.940709 0.435897 0.047722 0.075702
