2 0.635288 0.635705 0.033951 0.130435
3 0.748971 0.543478 0.041152 0.054018
3 0.801440 0.551383 0.045267 0.054018
3 0.726852 0.672596 0.033951 0.046113
3 0.764403 0.678524 0.034979 0.050066
3 0.801955 0.683136 0.036008 0.048748
3 0.851337 0.693017 0.038066 0.052701
3 0.889918 0.702240 0.037037 0.047431
3 0.953704 0.712121 0.034979 0.051383
3 0.722222 0.720026 0.034979 0.051383
3 0.761831 0.728590 0.036008 0.047431
3 0.800412 0.736495 0.034979 0.044796
3 0.849794 0.745059 0.037037 0.046113
3 0.887346 0.748353 0.036008 0.052701
3 0.950103 0.767457 0.038066 0.051383
3 0.719650 0.770092 0.036008 0.048748
3 0.757202 0.779315 0.039095 0.048748
3 0.795782 0.785244 0.036008 0.044796
3 0.847737 0.792490 0.034979 0.051383
3 0.884774 0.801713 0.034979 0.054018
3 0.958333 0.832675 0.040123 0.055336
3 0.730967 0.844532 0.048354 0.071146
3 0.784979 0.853755 0.049383 0.073781
3 0.841049 0.866271 0.050412 0.067194
3 0.891975 0.873518 0.047325 0.065876
3 0.955761 0.897892 0.039095 0.056653
3 0.725309 0.913702 0.045267 0.069829
3 0.778292 0.926219 0.050412 0.065876
3 0.837963 0.936759 0.050412 0.065876
3 0.890432 0.947958 0.050412 0.067194
3 0.953189 0.971014 0.042181 0.052701
