3 0.129340 0.176946 0.046875 0.069016
3 0.187500 0.162996 0.050347 0.073421
3 0.305122 0.259178 0.046007 0.077827
3 0.464410 0.244493 0.041667 0.066079
3 0.464410 0.296623 0.041667 0.061674
3 0.465712 0.355360 0.039062 0.064611
3 0.441406 0.435389 0.047743 0.083700
3 0.441840 0.510279 0.046875 0.080764
3 0.483073 0.436858 0.047743 0.083700
3 0.486111 0.511747 0.046875 0.074890
3 0.527344 0.436858 0.047743 0.080764
3 0.528212 0.511747 0.051215 0.083700
3 0.580729 0.407489 0.032986 0.048458
3 0.609809 0.408223 0.033854 0.052863
3 0.595920 0.472100 0.047743 0.071953
3 0.728299 0.237151 0.052083 0.074890
