5 0.256329 0.220690 0.056962 0.117241
5 0.304852 0.206034 0.059072 0.112069
5 0.353376 0.187069 0.061181 0.115517
5 0.434599 0.243966 0.063291 0.118966
5 0.483122 0.225000 0.059072 0.115517
5 0.567511 0.285345 0.065401 0.122414
5 0.613924 0.268103 0.067511 0.118966
5 0.215190 0.440517 0.061181 0.129310
5 0.266350 0.419828 0.060127 0.125862
5 0.317511 0.402586 0.059072 0.125862
5 0.402954 0.466379 0.061181 0.132759
5 0.454114 0.448276 0.064346 0.127586
5 0.543249 0.511207 0.069620 0.132759
5 0.593882 0.491379 0.069620 0.134483
5 0.643987 0.469828 0.072785 0.132759
5 0.594409 0.762069 0.072785 0.151724
5 0.647679 0.738793 0.071730 0.150000
5 0.700422 0.716379 0.073840 0.150000
