10 0.887574 0.819041 0.049310 0.059593
10 0.430966 0.425145 0.049310 0.050872
10 0.387081 0.385174 0.048323 0.055233
10 0.293886 0.304506 0.049310 0.053779
10 0.185404 0.170785 0.053254 0.047965
10 0.311144 0.508721 0.036489 0.066860
10 0.237179 0.444041 0.052268 0.053779
10 0.185897 0.402616 0.046351 0.049419
10 0.248521 0.267442 0.047337 0.069767
10 0.492110 0.479651 0.043393 0.058140
10 0.549803 0.526890 0.042406 0.062500
10 0.167160 0.438953 0.040434 0.058140
10 0.222387 0.481105 0.048323 0.066860
