10 0.474251 0.893162 0.030899 0.054131
10 0.488296 0.856838 0.038390 0.066952
10 0.516386 0.800570 0.047753 0.074074
10 0.534176 0.774217 0.038390 0.061254
10 0.779026 0.478632 0.039326 0.071225
10 0.550562 0.503561 0.037453 0.061254
10 0.475187 0.378917 0.045880 0.056980
10 0.492978 0.344017 0.042135 0.055556
10 0.703184 0.277778 0.041199 0.054131
10 0.753277 0.220798 0.040262 0.048433
10 0.806648 0.159544 0.051498 0.062678
10 0.331461 0.660969 0.039326 0.056980
10 0.455993 0.419516 0.037453 0.047009
