8 0.126969 0.522472 0.125984 0.165329
8 0.214075 0.443820 0.105315 0.165329
8 0.294291 0.361156 0.096457 0.166934
8 0.366142 0.290530 0.084646 0.131621
8 0.460630 0.155698 0.078740 0.221509
8 0.537402 0.165329 0.064961 0.221509
8 0.598917 0.167737 0.062008 0.210273
8 0.656496 0.170144 0.053150 0.202247
8 0.707677 0.168539 0.045276 0.208668
8 0.755413 0.176565 0.038386 0.211878
8 0.800197 0.175762 0.039370 0.219904
8 0.843012 0.177368 0.042323 0.226324
8 0.742126 0.342697 0.161417 0.059390
8 0.792815 0.414125 0.258858 0.083467
8 0.790354 0.499197 0.257874 0.086677
8 0.797244 0.593900 0.265748 0.083467
8 0.796260 0.702247 0.279528 0.104334
8 0.799705 0.819422 0.294291 0.101124
